America	0.2273587 0.37348315 0.39915815 286037.0
Austria	0.3233533 0.20631464 0.47033206 1837.0
Canada	0.25131655 0.28124216 0.4674413 23926.0
Emirates	0.43571785 0.2921461 0.27213606 1999.0
France	0.4262963 0.21400355 0.35970014 32149.0
Germany	0.33109778 0.20413524 0.46476698 32356.0
Iran	0.31871837 0.2445194 0.4367622 1186.0
Italy	0.36305308 0.2699115 0.3670354 18080.0
Mexico	0.42373365 0.26118478 0.31508157 10483.0
Netherlands	0.33676174 0.2642025 0.39903575 12445.0
Spain	0.38984317 0.22225541 0.38790143 6695.0
